5 0.9796747967479674 0.8064516129032258 0.04065040650406504 0.01466275659824047
5 0.9793621013133208 0.7275171065493646 0.04127579737335835 0.02297165200391007
5 0.981863664790494 0.6419843597262952 0.03627267041901188 0.026881720430107527
5 0.9809255784865542 0.5434995112414467 0.03814884302689181 0.03812316715542522
5 0.9787367104440275 0.458455522971652 0.04252657911194497 0.043010752688172046
5 0.9834271419637274 0.36485826001955035 0.03314571607254534 0.051319648093841645
5 0.9874921826141339 0.28519061583577715 0.025015634771732333 0.05718475073313783
5 0.9868667917448405 0.19648093841642228 0.02626641651031895 0.05865102639296188
5 0.891494684177611 0.1893939393939394 0.07692307692307693 0.03812316715542522
5 0.8802376485303315 0.27883675464320623 0.07066916823014384 0.04838709677419355
5 0.8911819887429644 0.36485826001955035 0.05941213258286429 0.05083088954056696
5 0.8858661663539712 0.4596774193548387 0.04878048780487805 0.05767350928641251
5 0.883364602876798 0.5505865102639296 0.04252657911194497 0.06207233626588465
5 0.8821138211382114 0.6336754643206256 0.029393370856785492 0.06304985337243402
5 0.891494684177611 0.7282502443792767 0.023139462163852407 0.06109481915933529
5 0.884302689180738 0.8132942326490714 0.021263289555972485 0.05718475073313783
5 0.7789243277048155 0.7363147605083089 0.07817385866166354 0.02297165200391007
5 0.7808005003126954 0.8128054740957967 0.07567229518449031 0.029814271749755622
5 0.6622889305816135 0.8101173020527859 0.07379612257661038 0.03812316715542522
5 0.6704190118824265 0.7253176930596286 0.066916823014384 0.04594330400782014
5 0.6613508442776735 0.6373411534701857 0.05753595997498437 0.05180840664711633
5 0.6638524077548468 0.5408113391984359 0.04815509693558474 0.05474095796676442
5 0.66729205753596 0.4518572825024438 0.04252657911194497 0.0552297165200391
5 0.6688555347091932 0.36901270772238515 0.028767979987492184 0.060117302052785926
5 0.556910569105691 0.804496578690127 0.04065040650406504 0.05767350928641251
5 0.5537836147592246 0.7172531769305963 0.04815509693558474 0.05913978494623656
5 0.5572232645403377 0.6380742913000977 0.056910569105691054 0.04740957966764418
5 0.5619136960600375 0.5420332355816226 0.06504065040650407 0.04643206256109482
5 0.5544090056285178 0.4574780058651026 0.07066916823014384 0.03714565004887586
5 0.776735459662289 0.2636852394916911 0.07879924953095685 0.024926686217008796
5 0.7717323327079425 0.1864613880742913 0.08192620387742339 0.03176930596285435
5 0.6613508442776735 0.27346041055718473 0.0225140712945591 0.0689149560117302
5 0.6635397123202001 0.18792766373411535 0.03377110694183865 0.06207233626588465
5 0.5544090056285178 0.19379276637341153 0.0825515947467167 0.01270772238514174
5 0.5534709193245778 0.2739491691104594 0.07817385866166354 0.021505376344086023
5 0.5503439649781113 0.35948191593352885 0.08067542213883677 0.02785923753665689
4 0.7673545966228893 0.6344086021505376 0.06316447779862414 0.029814271749755622
4 0.7686053783614759 0.5449657869012707 0.058161350844277676 0.03812316715542522
4 0.774859287054409 0.46920821114369504 0.04940587867417136 0.04447702834799609
4 0.7842401500938087 0.3724340175953079 0.039399624765478425 0.044965786901270774
4 0.09974984365228268 0.8113391984359726 0.04815509693558474 0.04447702834799609
4 0.0975609756097561 0.7267839687194526 0.03627267041901188 0.04887585532746823
4 0.09537210756722952 0.6392961876832844 0.03189493433395872 0.05327468230694037
4 0.09881175734834272 0.5449657869012707 0.025015634771732333 0.04936461388074291
4 0.09724828017510945 0.4613880742913001 0.0300187617260788 0.05718475073313783
4 0.0947467166979362 0.37194525904203324 0.031269543464665414 0.05865102639296188
4 0.09130706691682301 0.2854349951124145 0.03814884302689181 0.04887585532746823
4 0.09318323952470293 0.1972140762463343 0.047529706066291436 0.04936461388074291
4 0.013133208255159476 0.18792766373411535 0.02626641651031895 0.028836754643206255
4 0.010631644777986242 0.28225806451612906 0.021263289555972485 0.01906158357771261
4 0.00969355847404628 0.37609970674486803 0.01938711694809256 0.018084066471163247
4 0.007817385866166354 0.4596774193548387 0.015634771732332707 0.021994134897360705
4 0.010006253908692933 0.5449657869012707 0.020012507817385866 0.026392961876832845
4 0.008442776735459663 0.6312316715542522 0.016885553470919325 0.029814271749755622
4 0.0068792995622263915 0.7282502443792767 0.013758599124452783 0.03616813294232649
4 0.21325828642901815 0.5500977517106549 0.06629143214509069 0.018084066471163247
4 0.2066916823014384 0.4608993157380254 0.0675422138836773 0.01906158357771261
4 0.0050031269543464665 0.8140273704789834 0.010006253908692933 0.041544477028347994
4 0.20606629143214508 0.3729227761485826 0.060662914321450906 0.022482893450635387
4 0.21263289555972484 0.2849462365591398 0.060662914321450906 0.03128054740957967
4 0.2026266416510319 0.19525904203323557 0.04690431519699812 0.03470185728250244
3 0.44183864915572235 0.8225806451612904 0.06504065040650407 0.016617790811339198
3 0.44027517198248906 0.7390029325513197 0.06566604127579738 0.01270772238514174
3 0.44058786741713574 0.6358748778103617 0.06191369606003752 0.01857282502443793
3 0.434021263289556 0.5474095796676441 0.060662914321450906 0.021994134897360705
3 0.4352720450281426 0.4626099706744868 0.05565978736710444 0.02932551319648094
3 0.4399624765478424 0.3682795698924731 0.054409005628517824 0.03470185728250244
3 0.32833020637898686 0.37194525904203324 0.039399624765478425 0.043010752688172046
3 0.3267667292057536 0.458455522971652 0.031269543464665414 0.04838709677419355
3 0.3258286429018136 0.5513196480938416 0.02689180737961226 0.05229716520039101
3 0.3242651657285804 0.6441837732160313 0.015634771732332707 0.05180840664711633
3 0.3236397748592871 0.7306940371456501 0.021888680425265792 0.050342130987292275
3 0.3248905565978737 0.8176930596285436 0.027517198248905566 0.04838709677419355
3 0.2129455909943715 0.8159824046920822 0.05565978736710444 0.029814271749755622
3 0.2085678549093183 0.7267839687194526 0.06316447779862414 0.022482893450635387
3 0.21044402751719826 0.6392961876832844 0.06378986866791744 0.018084066471163247
3 0.3214509068167605 0.28567937438905183 0.04690431519699812 0.042033235581622676
3 0.43151969981238275 0.2849462365591398 0.04690431519699812 0.042033235581622676
3 0.4455909943714822 0.19110459433040078 0.03877423389618512 0.04398826979472141
3 0.32051282051282054 0.1972140762463343 0.05503439649781113 0.03616813294232649