12 0.10485303314571608 0.10684261974584555 0.02959349593495935 0.06705278592375366
12 0.20811757348342713 0.10562072336265885 0.035878674171357094 0.06461876832844575
12 0.3243089430894309 0.10905180840664712 0.04324577861163227 0.06342130987292277
12 0.4377298311444653 0.1072238514173998 0.0499437148217636 0.06120723362658847
12 0.548323952470294 0.10582600195503422 0.06851156973108193 0.056187683284457474
12 0.6733020637898686 0.10242424242424243 0.0758036272670419 0.05126099706744868
12 0.7823764853033146 0.10674486803519062 0.08383364602876799 0.0465347018572825
12 0.8926266416510319 0.10421798631476051 0.08169480925578486 0.03594330400782014
12 0.8911507191994997 0.1904692082111437 0.056216385240775484 0.06226783968719453
12 0.7816072545340838 0.18958944281524925 0.0647842401500938 0.05463831867057674
12 0.6638148843026892 0.19248289345063538 0.0743464665415885 0.05065493646138807
12 0.5492432770481551 0.18784457478005864 0.07784865540963103 0.04529325513196481
12 0.4382676672920575 0.19230205278592374 0.08119449656035023 0.03305474095796676
12 0.32494058786741714 0.19506842619745846 0.07742964352720451 0.02656891495601173
12 0.21205753595997498 0.19436950146627566 0.09140712945590994 0.03292766373411535
12 0.10076923076923076 0.19002443792766374 0.0794121325828643 0.026471163245356793
12 0.11050031269543464 0.2850293255131965 0.05034396497811132 0.059643206256109485
12 0.21161350844277674 0.28313782991202346 0.034565353345841154 0.059853372434017595
12 0.7867917448405253 0.2769012707722385 0.031475922451532204 0.0633186705767351
12 0.8894621638524077 0.27453567937438905 0.04159474671669794 0.06053763440860215
12 0.8946091307066917 0.36989247311827955 0.07624140087554722 0.024638318670576732
12 0.7864540337711069 0.36772238514174 0.08625390869293308 0.020136852394916912
12 0.672063789868668 0.3654789833822092 0.07904315196998124 0.02420332355816227
12 0.5573358348968105 0.3694379276637341 0.0775422138836773 0.03349462365591398
12 0.44468417761100687 0.3718035190615836 0.07700437773608505 0.04396383186705768
12 0.32897435897435895 0.3686217008797654 0.07006879299562227 0.04945259042033236
12 0.2109068167604753 0.3715738025415445 0.0640838023764853 0.05888563049853373
12 0.10435897435897436 0.3689687194525904 0.05309568480300188 0.057600195503421305
12 0.10399624765478424 0.4557771260997067 0.08292057535959975 0.049389051808406643
12 0.21369606003752345 0.45749266862170085 0.07967479674796749 0.04689149560117302
12 0.322801751094434 0.4586852394916911 0.07023764853033146 0.0464613880742913
12 0.4440525328330206 0.45426686217008794 0.06509068167604753 0.05725317693059628
12 0.5594058786741714 0.45512707722385143 0.0556535334584115 0.055532746823069405
12 0.671031894934334 0.45238514173998046 0.05125703564727955 0.06493157380254154
12 0.7902313946216385 0.4539980449657869 0.03949968730456535 0.06169599217986315
12 0.8895684803001876 0.4533822091886608 0.02303939962476548 0.0668377321603128
14 0.10577861163227016 0.5542668621700879 0.038955597248280176 0.06644672531769305
14 0.20838649155722325 0.5532551319648094 0.046535334584115066 0.06260019550342132
14 0.3220512820512821 0.547546432062561 0.05123202001250782 0.06228739002932551
14 0.43727954971857413 0.549477028347996 0.06155722326454034 0.06820136852394916
14 0.5525641025641025 0.5512658846529814 0.07198874296435272 0.06462365591397849
14 0.6659724828017511 0.5494232649071358 0.0761601000625391 0.0546236559139785
14 0.7779799874921827 0.5464858260019549 0.08003126954346466 0.05267350928641251
14 0.8872232645403377 0.5466568914956011 0.07838649155722327 0.04150048875855327
14 0.09880550343964979 0.6379472140762463 0.08253908692933083 0.0305425219941349
14 0.217010631644778 0.6382306940371456 0.08380237648530331 0.027194525904203324
14 0.32575984990619133 0.6328592375366568 0.07865540963101939 0.034046920821114365
14 0.43206378986866795 0.6415151515151515 0.07863664790494058 0.03963343108504399
14 0.5505128205128205 0.6408797653958944 0.07539086929330832 0.048132942326490714
14 0.6590931832395248 0.6409970674486803 0.06740462789243278 0.05228250244379277
14 0.7805565978736709 0.6434115347018573 0.06767354596622889 0.05710654936461388
14 0.8877923702313946 0.6386852394916911 0.05701688555347092 0.05742913000977517
14 0.10268918073796122 0.7335826001955035 0.05028767979987492 0.06345552297165201
14 0.20396497811131956 0.7270576735092864 0.04020012507817386 0.06604105571847507
14 0.31137585991244526 0.727336265884653 0.03989368355222014 0.07246823069403716
14 0.4362476547842401 0.7256158357771261 0.04196998123827392 0.06511241446725317
14 0.5480925578486554 0.7171749755620723 0.053039399624765476 0.06191104594330401
14 0.6616510318949343 0.7259579667644184 0.06001250781738586 0.0599266862170088
14 0.7830393996247654 0.7221114369501467 0.065140712945591 0.05615347018572825
14 0.8914571607254534 0.7301612903225807 0.06934333958724202 0.05091397849462366
14 0.8912132582864289 0.8153665689149561 0.07386491557223264 0.05106549364613881
14 0.7816572858036271 0.8155669599217987 0.06988117573483427 0.051461388074291306
14 0.6632082551594747 0.814364613880743 0.0806441525953721 0.041236559139784947
14 0.5508755472170106 0.8134506353861193 0.07861163227016886 0.03940860215053763
14 0.4407066916823015 0.8156940371456501 0.09091932457786116 0.026304985337243403
14 0.3193621013133208 0.8130303030303031 0.08087554721701062 0.03466275659824047
14 0.20773608505315824 0.8161925708699903 0.08526579111944965 0.042942326490713584
14 0.09794871794871796 0.8139345063538612 0.0733270794246404 0.04820136852394917
14 0.09774233896185115 0.9029227761485826 0.06789868667917448 0.05608993157380254
14 0.21474046278924327 0.9035483870967742 0.056741713570981865 0.05693548387096774
14 0.32416510318949343 0.9031867057673509 0.047954971857410884 0.05779081133919843
14 0.4363164477798624 0.9012561094819159 0.04460913070669168 0.058602150537634415
14 0.5509193245778612 0.904652981427175 0.03744215134459037 0.059521016617790815